325.60645
412.9935
319.08557
319.08557
412.9935
239.11769
364.41992
381.614
319.08557
412.9935
412.45135
189.75383
381.12537
381.614
242.6307
207.51042
325.60645
329.3318
231.09853
433.6514
325.60645
250.4206
308.0989
231.09853
242.6307
349.56598
250.72588
325.60645
311.4114
349.56598
306.75732
325.60645
412.45135
321.36606
328.67395
299.63318
242.6307
241.93138
316.8951
412.45135
321.62262
321.62262
349.56598
314.17548
321.36606
321.62262
321.62262
412.9935
217.52855
345.2489
433.6514
224.62201
242.6307
322.31805
349.56598
412.45135
242.6307
