308.0989
150.09213
416.61322
416.61322
268.96506
384.98227
261.82547
174.25816
416.61322
291.67838
630.2703
129.8648
252.05423
174.25816
357.74112
451.05737
308.0989
292.43033
249.69983
313.51318
486.77576
174.25816
166.95183
249.69983
840.7331
486.74017
243.62056
196.33578
653.15265
486.74017
223.55038
747.7667
630.2703
272.01715
488.90167
443.49127
357.74112
218.60735
372.548
630.2703
84.40492
84.40492
154.61665
438.8394
272.01715
470.57138
470.57138
291.67838
221.3065
285.70508
313.51318
260.66345
291.7165
283.7299
154.61665
630.2703
291.7165
