349.56598
150.09213
430.92456
430.92456
268.96506
416.91074
261.82547
203.30226
430.92456
243.22798
412.45135
129.8648
190.10178
174.25816
357.74112
393.21378
349.56598
250.72588
310.5934
313.51318
486.74017
174.25816
166.95183
376.69144
840.7331
486.74017
250.72588
154.61665
264.06116
349.56598
306.75732
747.7667
166.95183
284.63245
488.90167
432.97983
242.6307
218.60735
372.548
475.8766
315.5126
84.40492
154.61665
166.95183
321.36606
470.57138
321.62262
291.67838
217.52855
317.63354
433.6514
260.66345
291.7165
381.12537
349.56598
457.65375
840.7331
